30
6
5 2 4 6 3 1
6
2 4 8 16 32 64
3
1 1 1
3
200000 200000 200000
200
0 0 0 0 0 0 0 0 0 0 0 0 0 0 0 0 0 0 0 0 0 0 0 0 0 0 0 0 0 0 0 0 0 0 0 0 0 0 0 0 0 0 0 0 0 0 0 0 0 0 0 0 0 0 0 0 0 0 0 0 0 0 0 0 0 0 0 0 0 0 0 0 0 0 0 0 0 0 0 0 0 0 0 0 0 0 0 0 0 0 0 0 0 0 0 0 0 0 0 0 0 0 0 0 0 0 0 0 0 0 0 0 0 0 0 0 0 0 0 0 0 0 0 0 0 0 0 0 0 0 0 0 0 0 0 0 0 0 0 0 0 0 0 0 0 0 0 0 0 0 0 0 0 0 0 0 0 0 0 0 0 0 0 0 0 0 0 0 0 0 0 0 0 0 0 0 0 0 0 0 0 0 0 0 0 0 0 0 0 0 0 0 0 0 0 0 0 0 0 0
200
129321 59690 27748 158999 129600 163124 152308 128718 52033 132521 182607 190712 63845 154622 121326 42554 32215 58395 66210 141870 179007 190496 163392 101681 73138 11002 149074 66320 187407 149913 198554 2836 123530 129860 28229 48281 115317 4807 22260 80034 105262 136533 79186 84232 135587 80724 136147 166878 59600 105801 181588 151490 98999 99358 196590 96493 73579 13748 153310 74512 137534 108546 161863 118930 187046 34864 84102 20103 153821 71221 133654 121412 137482 191975 178450 135137 86245 119030 144921 54307 166323 86160 68026 98867 169044 102501 89182 142546 187871 159718 104566 7525 169625 65366 82800 163229 177182 96563 4142 71990 105863 46732 74701 124517 143742 117277 78616 52778 82284 156886 56898 18733 74183 72296 8630 17322 162040 130148 91334 87038 45676 40275 129549 120342 28418 137662 181797 54877 117480 152769 68966 156610 169041 85877 105371 146296 191007 96246 157561 179604 84272 15103 136385 170020 135573 97172 42486 190761 54185 93931 185055 177001 96604 161310 115361 153334 181070 34844 78257 5240 99736 151071 15610 184235 133856 78905 130336 2583 164415 164066 43446 129485 56078 174495 96423 175411 187045 35622 61465 82934 60680 190478 191533 186233 23103 172389 104099 32187 38262 29114 156403 3462 101022 162049 70961 32887 179770 43582 167127 110713
200
1 0 1 1 0 0 1 1 1 1 1 0 0 0 1 0 0 0 1 1 1 1 1 0 0 1 1 1 0 0 0 0 1 1 0 0 0 1 1 0 0 1 1 1 1 1 1 1 1 1 0 0 0 1 0 0 0 1 1 0 0 1 0 0 0 0 0 0 1 0 0 1 0 0 0 0 1 0 0 0 0 1 0 1 1 1 0 1 0 1 1 1 0 1 1 0 1 1 0 1 0 0 0 0 1 0 0 1 0 1 1 0 1 1 0 0 1 0 0 1 1 0 1 0 1 0 0 1 0 0 0 1 1 1 0 0 1 0 0 0 0 1 1 0 0 1 1 1 0 0 0 0 1 1 0 1 0 0 0 1 0 0 0 1 0 0 0 1 1 1 1 1 0 1 0 1 0 1 1 1 1 0 1 0 0 1 0 1 1 1 1 0 0 1 0 1 1 1 0 0
200
3464 3184 1864 1976 2352 3328 936 352 1432 3288 184458 169548 99258 105222 125244 177216 49842 18744 76254 175086 148519 136514 79919 84721 100842 142688 40131 15092 61397 140973 44599 40994 23999 25441 30282 42848 12051 4532 18437 42333 130766 120196 70366 74594 88788 125632 35334 13288 54058 124122 156746 144076 84346 89414 106428 150592 42354 15928 64798 148782 167138 153628 89938 95342 113484 160576 45162 16984 69094 158646 150684 138504 81084 85956 102312 144768 40716 15312 62292 143028 100889 92734 54289 57551 68502 96928 27261 10252 41707 95763 32475 29850 17475 18525 22050 31200 8775 3300 13425 30825 8 426 343 103 302 362 386 348 233 75 433 398 233 247 294 416 117 44 179 411 4404 91607 177851 189498 52098 186661 146167 687 96971 150090 19182 80589 131665 43394 42975 66299 112278 64862 96626 83608 21410 65305 81170 28654 79739 21145 173867 30019 139609 26687 155046 23922 195065 10988 88492 67935 195123 91377 58466 138805 93785 10327 137874 123562 144140 14678 28039 3169 103776 94477 180313 55083 97588 75361 185124 87914 178966 115518 143515 148806 67617 136374 51597 113337 73215 158742 56015 192421 104585 157310 53271 186474 161089 38096 124227 54281 94466 121975 23963 147030
200
4728 10152 2976 4872 816 1056 3336 6792 59297 127323 37324 61103 10234 13244 41839 85183 30732 65988 19344 31668 5304 6864 21684 44148 82149 176391 51708 84651 14178 18348 57963 118011 23246 49914 14632 23954 4012 5192 16402 33394 19109 41031 12028 19691 3298 4268 13483 27451 77224 165816 48608 79576 13328 17248 54488 110936 77618 166662 48856 79982 13396 17336 54766 111502 24 301 156 417 118 97 392 394 197 423 124 203 34 44 139 283 45453 101990 127202 124108 23638 107736 156022 197761 151159 152176 147143 33432 172209 57165 91514 11421 114683 97986 112826 172347 170113 10684 74384 82691 73612 55328 160146 58665 129129 137082 10731 114300 109201 57106 105060 20580 67751 44561 62305 99207 166646 145374 63292 85384 15217 96890 194908 60456 33286 147617 139240 97657 121732 68742 175244 132960 30210 165413 82031 66109 101647 100840 98257 129151 68165 88670 179421 76206 180159 165882 108749 114783 86556 42099 40092 144426 54597 76054 162652 98034 37397 76496 113368 171072 15765 195111 100456 133151 85063 34516 190515 36295 99994 169892 164883 157940 192192 154665 139395 22697 25716 165270 119924 39552 170779 21593 102021 169624 92744 185341 108207 53069 162770 121321 36218 170027 114515 174813 7335 158915
200
35442 29601 12870 31284 6039 10890 39204 5445 22869 40293 32868 11456 9568 4160 10112 1952 3520 12672 1760 7392 13024 10624 107758 89999 39130 95116 18361 33110 119196 16555 69531 122507 99932 117424 98072 42640 103648 20008 36080 129888 18040 75768 133496 108896 102388 85514 37180 90376 17446 31460 113256 15730 66066 116402 94952 156446 130663 56810 138092 26657 48070 173052 24035 100947 177859 145084 102388 85514 37180 90376 17446 31460 113256 15730 66066 116402 94952 57638 48139 20930 50876 9821 17710 63756 8855 37191 65527 53452 15752 13156 5720 13904 2684 4840 17424 2420 10164 17908 14608 62292 52026 22620 54984 10614 19140 68904 9570 40194 70818 57768 17542 14651 6370 15484 2989 5390 19404 2695 11319 19943 16268 99 32 301 328 286 437 286 161 44 174 49 358 299 130 316 61 110 396 55 231 407 332 148005 46078 169931 99318 69445 846 39169 97576 98596 147167 103173 140946 97533 165066 104454 17003 20206 8123 137489 165823 195174 126085 93433 78538 63384 14001 190474 179856 147677 96398 8750 91372 105693 30528 102379 3126 161140 52561 44671 182558 30947 66318 147850 193048 87092 130187 197670 121019 29557 98397 172271 18252 167223 94593 19131 113704 116350
200
107690 55256 79252 50174 5046 163034 72657 58876 135059 118503 185165 170699 123226 109799 68102 23639 141592 145932 158064 178321 105974 105410 143978 171065 99786 145511 191136 66217 43659 152605 86877 193446 172296 44000 137660 143893 181597 106270 102607 68249 86589 76408 28335 54590 91194 172834 154013 136437 173209 107421 102898 132399 174404 192811 31272 63571 24327 158889 21003 16522 74437 141789 127014 189512 97103 30525 88525 61252 60169 47259 132867 195571 149801 59653 62690 10448 41144 126745 4781 173382 97243 4579 62320 56871 133912 21124 190869 173155 55 62574 194483 4872 15433 166304 70808 106599 139365 91105 100205 19421 37878 109201 139329 129977 180733 110625 177238 89078 170291 153113 125121 163461 86728 45853 88121 25681 4603 7664 5898 163182 84106 76112 60098 145398 95955 100038 54901 32810 51238 37873 65595 132464 33722 195810 20876 72482 162925 181729 35195 119875 49830 115157 105285 162504 28257 72099 129300 37151 139058 34780 191425 184892 151255 92569 19331 181664 43881 167694 164784 131737 5026 124477 84968 196704 32445 105424 65041 167552 85120 191474 32697 63992 74174 122489 52945 143625 61997 113101 199663 142988 32681 172225 22362 99876 143759 38534 132171 72723 172704 132860 132626 128127 26147 168931 161114 131021 139042 105800 2671 85183
200
157551 193999 81885 70014 102725 68765 194927 154929 102427 107003 186287 31738 44667 166835 44332 72550 43122 113854 14944 66170 58076 56135 171326 171748 80981 55868 137552 22738 72947 170239 4684 71750 192152 27063 133585 121828 4554 187084 33058 115185 137032 154425 132636 100451 114036 143184 106509 55512 36366 74967 184928 173536 39945 113439 123693 32929 182663 33363 135483 120314 119644 119348 155282 126761 130477 62852 38408 1867 186290 101562 106438 43405 69256 34363 128376 41219 153038 196913 84882 108454 197611 171390 34606 167342 95837 9077 151700 116669 48155 42243 63422 30225 64231 23477 111776 8537 34901 162835 89557 111249 55115 100720 64111 106584 44335 163631 53215 148175 51542 182244 74537 46032 5274 8097 162582 134133 187245 147495 142801 15762 134998 154517 174458 184091 177557 123080 40881 124232 181017 35738 161257 66004 69106 95773 76376 112302 68495 19367 45841 3279 136464 127450 101629 64653 186237 192490 199558 134746 167624 9819 72126 35086 21565 196411 41514 185514 19250 71645 17728 122702 156664 179047 191623 94442 176439 108393 131531 110506 58887 182043 92658 138130 187624 41248 142941 137846 120430 67441 35595 179081 59860 169550 72381 177551 48071 105572 128727 57488 198092 56567 53035 52214 30597 93031 44277 164755 54617 160830 177665 127375
200
0 0 0 0 0 0 0 0 0 0 0 0 0 0 0 0 0 0 0 0 0 0 0 0 0 0 0 0 0 0 0 0 0 0 0 0 0 0 0 0 0 0 0 0 0 0 0 0 0 0 0 0 0 0 0 0 0 0 0 0 0 0 0 0 0 0 0 0 0 0 0 0 0 0 0 0 0 0 0 0 0 0 0 0 0 0 0 0 0 0 0 0 0 0 0 0 0 0 0 0 197179 164713 79784 47646 161383 97740 183918 155812 1910 19829 57554 34255 8839 88328 11526 37431 195125 187996 146749 85642 47684 94837 162011 136424 109456 33080 116464 92035 85094 199488 139653 24819 54620 35389 70469 112850 147754 190443 16476 75668 152386 90552 174336 181558 93551 119800 121013 6614 87704 135500 102030 81051 142447 133920 192736 54205 160838 174797 151237 88993 190593 11437 79328 113434 68369 183226 107090 41257 132649 53303 170474 35884 70004 7269 142540 136168 188592 48887 602 128814 21827 138661 131573 125573 80349 123166 65448 92579 134477 61990 5586 38590 131444 186444 22887 143643 54549 69350 99378 80551
200
0 0 0 0 0 0 0 0 0 0 0 0 0 0 0 0 0 0 0 0 0 0 0 0 0 0 0 0 0 0 0 0 0 0 0 0 0 0 0 0 0 0 0 0 0 0 0 0 0 0 0 0 0 0 0 0 0 0 0 0 0 0 0 0 0 0 0 0 0 0 0 0 0 0 0 0 0 0 0 0 0 0 0 0 0 0 0 0 0 0 0 0 0 0 0 0 0 0 0 0 175261 112667 11111 93070 186882 12212 147486 196650 165883 176433 103334 170776 152456 193200 159634 161550 68783 156106 152875 79161 45564 173691 80447 102966 51865 166929 155922 127166 95970 11898 169893 127604 143249 181805 73749 64715 195088 40088 183883 195373 171749 57802 173966 162552 82459 176035 92672 154976 152351 22006 194333 177981 91424 43838 87158 12219 121501 135901 184972 195926 129974 157718 35192 73353 137976 95845 133599 127830 193275 1999 83722 188281 79078 103974 96904 49360 77504 144388 113728 69827 188665 155401 106117 39553 103230 45321 84504 16338 33068 179307 14832 26577 107740 51593 181802 29629 96711 13852 133232 189516
200
179540 129569 188091 14015 149663 178912 109373 78799 20107 72427 80752 68312 140691 66950 129217 83354 129764 108313 68900 167374 122713 15144 13413 87504 12731 107877 131131 185244 28912 31508 111192 1928 144136 133019 142653 149029 48724 54130 115800 134502 89582 196144 162439 123891 112810 11446 79721 59729 63557 75539 42487 127519 137616 5821 112837 77131 45963 116473 12754 189316 153762 42894 187224 184501 190394 181974 184107 167070 152314 50669 81775 135654 32711 115759 173455 85475 140907 185502 63245 22943 181777 189940 100217 81718 90013 126668 94373 42746 165604 162082 98144 5208 140654 13852 169675 135581 67178 90104 112054 78293 98437 145983 58152 113467 172096 156365 137849 86672 135887 184853 58730 21023 65345 150232 99357 182853 93674 48418 162490 71413 104528 15794 108380 40233 100179 153697 70861 120477 184472 42273 110476 71865 118587 77191 121928 173693 101193 186575 71647 71826 96479 53498 140720 7783 134153 72959 156668 124614 26937 2339 108036 26872 50690 186255 162139 86375 52592 110442 174401 38206 89918 160741 7069 79091 187413 175797 112860 12559 173931 40220 140875 103524 174996 191774 55172 15650 144452 90553 189987 58262 30424 196864 20791 90951 170826 59614 85810 124273 191645 57016 145518 19469 82679 37969 49893 106549 76413 20517 199520 71677
200
0 1 1 0 0 1 0 1 0 1 1 1 0 0 0 1 1 0 1 0 1 0 0 0 0 0 1 0 0 1 1 0 0 1 0 0 0 1 1 1 1 0 1 0 1 0 1 1 1 0 0 0 1 1 0 1 1 1 0 0 1 1 0 0 1 1 0 0 0 0 1 1 0 0 0 1 0 1 1 1 1 1 0 1 1 1 1 1 1 1 0 0 0 1 1 1 1 0 1 0 1 0 1 1 0 0 0 1 0 0 0 0 0 0 0 1 1 1 0 1 1 0 1 1 1 1 0 1 0 0 1 1 0 1 1 0 1 0 0 1 0 1 1 1 0 0 1 0 1 1 0 0 1 0 0 0 0 1 0 0 1 1 0 0 1 0 1 0 0 0 0 0 0 1 1 0 0 1 0 1 1 0 0 0 0 1 1 0 1 1 0 1 0 0 1 1 0 0 1 0
200
172713 77043 128088 189103 182575 151157 130142 127472 90932 168079 193225 79659 74835 6934 180553 173399 100455 192807 15468 32764 105957 26884 191974 28584 143972 173409 152905 183878 89130 128760 48133 186172 152732 173540 158505 167597 198695 16055 138090 16158 63625 144079 147010 162264 38458 40959 127309 109923 130564 25001 142968 3030 164148 146789 185604 14507 107953 54534 118207 83340 36048 178621 83219 5470 42117 149990 188982 43242 146597 47681 183233 158618 109387 11739 175723 164817 12594 45436 163098 111932 51990 154241 34787 184327 51686 23794 69177 5554 93047 48231 169987 154517 52432 183116 155682 81646 51515 110942 57803 10310 89017 114957 131037 186647 89058 142340 168204 57578 107903 167059 136555 89736 17091 146668 63193 165656 172444 10155 113638 108954 74443 11100 131895 90314 125602 148093 12667 140308 65545 68804 173554 66511 181663 33504 28216 52006 188751 97906 49618 39397 37278 96169 166589 122461 10339 151667 188380 153479 90736 85576 137533 179534 35896 199671 60165 75984 89480 35768 30032 157167 17327 181992 88858 30355 87150 21290 153746 62180 146284 59505 29510 192162 183642 101730 102288 58359 104909 156969 152841 31560 49008 92726 25046 88243 93384 171194 62499 150233 149539 195225 187769 27145 133676 152341 54528 35069 15120 56631 72659 40596
200
111240 55929 100425 13596 20703 70143 110622 41715 11520 5792 10400 1408 2144 7264 11456 4320 137160 68961 123825 16764 25527 86487 136398 51435 126000 63350 113750 15400 23450 79450 125300 47250 100800 50680 91000 12320 18760 63560 100240 37800 78840 39639 71175 9636 14673 49713 78402 29565 42120 21177 38025 5148 7839 26559 41886 15795 131040 65884 118300 16016 24388 82628 130312 49140 309 32 381 350 280 219 117 364 360 181 325 44 67 227 358 135 96259 37732 191154 107048 13190 140096 158626 101642 49146 6102 15179 194764 187540 79794 28575 123584 108451 138291 171887 23289 126015 43426 197101 10229 134998 107376 31819 45745 100131 48972 42244 161650 171920 84364 92470 59737 56265 74477 154616 55271 166361 195113 41335 47596 95179 84465 188561 72810 13418 55200 103608 122477 140683 103601 76150 77148 69474 112675 148915 148552 149641 113206 184270 176464 126767 151819 175309 43556 47164 185473 87733 175228 87695 144617 154014 17065 188001 55401 122325 98822 52943 42284 185656 130910 21772 137128 57255 66735 49891 178203 21278 168582 91217 16542 62080 82435 127536 144212 59752 123180 60032 37635 93490 88690 55463 72921 36087 101094 23035 190836 190491 6898 19055 57938 83731 136168 60756 135437 168104 11551
200
200000 200000 200000 200000 200000 200000 200000 200000 200000 200000 200000 200000 200000 200000 200000 200000 200000 200000 200000 200000 200000 200000 200000 200000 200000 200000 200000 200000 200000 200000 200000 200000 200000 200000 200000 200000 200000 200000 200000 200000 200000 200000 200000 200000 200000 200000 200000 200000 200000 200000 200000 200000 200000 200000 200000 200000 200000 200000 200000 200000 200000 200000 200000 200000 200000 200000 200000 200000 200000 200000 200000 200000 200000 200000 200000 200000 200000 200000 200000 200000 200000 200000 200000 200000 200000 200000 200000 200000 200000 200000 200000 200000 200000 200000 200000 200000 200000 200000 200000 200000 200000 200000 200000 200000 200000 200000 200000 200000 200000 200000 200000 200000 200000 200000 200000 200000 200000 200000 200000 200000 200000 200000 200000 200000 200000 200000 200000 200000 200000 200000 200000 200000 200000 200000 200000 200000 200000 200000 200000 200000 200000 200000 200000 200000 200000 200000 200000 200000 200000 200000 200000 200000 200000 200000 200000 200000 200000 200000 200000 200000 200000 200000 200000 200000 200000 200000 200000 200000 200000 200000 200000 200000 200000 200000 200000 200000 200000 200000 200000 200000 200000 200000 200000 200000 200000 200000 200000 200000 200000 200000 200000 200000 200000 200000 200000 200000 200000 200000 200000 200000
200
99552 22576 82960 63104 100912 45424 33456 115872 34544 14960 87856 100368 73984 26718 6059 22265 16936 27083 12191 8979 31098 9271 4015 23579 26937 19856 55266 12533 46055 35032 56021 25217 18573 64326 19177 8305 48773 55719 41072 56364 12782 46970 35728 57134 25718 18942 65604 19558 8470 49742 56826 41888 47946 10873 39955 30392 48601 21877 16113 55806 16637 7205 42313 48339 35632 150426 34113 125355 95352 152481 68637 50553 175086 52197 22605 132753 151659 111792 162870 36935 135725 103240 165095 74315 54735 189570 56515 24475 143735 164205 121040 128832 29216 107360 81664 130592 58784 43296 149952 44704 19360 113696 129888 95744 116388 26394 96990 73776 117978 53106 39114 135468 40386 17490 102714 117342 86496 35868 8134 29890 22736 36358 16366 12054 41748 12446 5390 31654 36162 26656 67710 15355 56425 42920 68635 30895 22755 78810 23495 10175 59755 68265 50320 51606 11703 43005 32712 52311 23547 17343 60066 17907 7755 45543 52029 38352 153354 34777 127795 97208 155449 69973 51537 178494 53213 23045 135337 154611 113968 272 73 151 154 131 411 445 352 318 98 185 141 419 366 83 305 232 371 167 123 426 127 55 323 369 272 59979 161858 143704 92511 96388
200
32450 39884 4838 30798 26668 28556 17936 12100 14872 1804 11484 9944 10648 6688 110550 135876 16482 104922 90852 97284 61104 73425 90246 10947 69687 60342 64614 40584 85800 105456 12792 81432 70512 75504 47424 45925 56446 6847 43587 37742 40414 25384 36850 45292 5494 34974 30284 32428 20368 118 44 402 267 312 167 134 275 338 41 261 226 242 152 106978 96222 134634 110149 113677 177299 195534 162603 87207 8817 176344 1085 175235 165419 61190 185918 180126 120826 42284 3454 16471 70653 122267 50256 9556 48249 76377 1395 168472 130957 82777 170193 160978 104224 174 169260 145678 185579 152307 36626 190189 11116 23200 116891 151333 171795 147465 84500 50809 173687 83004 4629 30640 176393 187448 181484 4451 110708 164991 107344 103595 1641 56166 139706 115739 155257 42571 145260 147761 29979 125194 123395 196415 174106 117105 168455 116406 121792 90649 187950 33971 32906 106721 67320 58019 84411 103663 26136 171770 108894 188827 121856 198239 131229 122031 119741 79253 914 102567 78952 23821 120227 98421 52792 78157 141687 137470 86813 102842 27548 133299 156896 165413 106224 54344 123435 33526 119500 186833 117306 42334 123607 34923 173896 88721 96386 18135 36658 150032 37664 85792 50214 8577 14791 104796 109019 158233
200
167265 57820 126378 73927 22715 66906 163548 33040 139320 48160 105264 61576 18920 55728 136224 27520 15795 5460 11934 6981 2145 6318 15444 3120 149445 51660 112914 66051 20295 59778 146124 29520 167670 57960 126684 74106 22770 67068 163944 33120 120285 41580 90882 53163 16335 48114 117612 23760 147015 50820 111078 64977 19965 58806 143748 29040 43740 15120 33048 19332 5940 17496 42768 8640 413 344 39 369 414 297 363 108 405 140 306 179 55 162 396 80 60050 145759 150246 97635 36253 141464 59745 169769 83487 37028 115349 25174 116336 110914 28397 21735 27017 140441 59429 8982 185875 128321 44699 123610 33665 153721 2066 111122 90193 108956 74159 101460 23077 30912 128608 57461 25600 38336 82018 62656 43047 114038 79707 54367 35165 34012 22653 10480 141413 171488 5007 184759 83512 28177 153073 189730 147914 161694 137739 31672 2038 188754 195400 123978 118438 91417 108096 7836 15148 107430 151982 69216 76687 92207 66229 143145 82562 164861 5011 190262 189860 161243 54722 188886 3143 12393 192514 100415 76453 96794 116649 10895 84707 187027 162995 35859 64985 87030 79918 68629 77510 8012 36195 41941 33917 48384 51229 40569 158672 138577 56809 153580 92793 11394 16154 164015 27678 30884 69599 72208
200
131073 131073 65537 131073 65537 131073 65537 65537 131073 65537 65537 65537 131073 131073 131073 131073 131073 65537 131073 65537 131073 65537 131073 65537 131073 131073 131073 65537 131073 131073 131073 65537 131073 65537 65537 131073 131073 131073 65537 65537 131073 131073 131073 131073 65537 131073 131073 65537 65537 131073 131073 131073 131073 65537 65537 131073 131073 65537 65537 65537 65537 131073 131073 131073 131073 131073 65537 131073 65537 65537 65537 131073 65537 131073 131073 65537 131073 65537 131073 65537 65537 131073 65537 131073 131073 65537 65537 131073 65537 65537 65537 131073 65537 131073 65537 65537 131073 65537 131073 131073 131073 131073 65537 65537 65537 65537 65537 131073 131073 65537 131073 65537 131073 65537 65537 131073 65537 131073 65537 131073 131073 131073 65537 65537 65537 131073 131073 131073 65537 131073 131073 65537 131073 65537 65537 65537 65537 65537 65537 65537 65537 131073 131073 131073 131073 131073 65537 131073 131073 131073 65537 131073 131073 131073 65537 131073 131073 131073 65537 65537 131073 65537 131073 131073 65537 65537 131073 65537 131073 131073 65537 131073 131073 131073 65537 65537 131073 65537 131073 65537 131073 131073 131073 131073 131073 131073 131073 65537 131073 65537 65537 65537 65537 131073 65537 65537 131073 65537 131073 131073
200
195688 85614 117199 25705 167347 197546 45452 178574 21170 161711 121507 86616 3261 126160 141716 173534 55003 87129 145019 178167 186306 131036 75299 4067 179460 187498 167203 57995 37462 177470 181474 86447 36836 93501 189931 126462 19182 154440 171905 48381 103304 85836 147276 74301 153281 55048 62678 82104 99334 84530 34894 140799 104375 91344 49435 114183 2793 7558 51977 9962 1864 170704 137425 123429 7549 63823 86376 40088 187778 46699 36046 198436 94345 192942 124027 140528 84348 129666 89129 40786 20847 1370 39978 102507 95364 168747 147177 148743 162815 130899 79563 198840 80897 7842 155487 103941 70105 125502 177450 141861 142349 106734 155753 164854 125312 83832 139683 69625 49445 10794 17963 121301 167639 166495 85315 125589 41703 105733 4070 136589 1231 80084 131602 86112 20588 164326 155102 97963 90372 91904 186894 136554 65943 188262 102518 152578 10672 192684 37747 193385 152105 8772 166027 106732 99832 95790 58032 37353 30417 122004 25588 76720 183993 125621 54425 44491 98520 13465 107901 36724 190298 43449 128365 183658 8828 138336 126036 5720 127282 845 40242 46090 152341 173273 3762 62422 103605 13523 95954 127814 117793 169885 110768 63359 95068 196514 72541 196716 68998 104020 95949 46451 78846 62994 155293 121751 137722 171265 106166 103756
200
155414 35507 184844 121743 75236 45187 106432 164233 76327 74845 18258 61349 196045 8374 18122 117241 11355 124073 28102 185143 119446 128303 44244 166575 99815 45291 180807 192254 31220 70892 95456 81504 994 150512 126880 101614 38794 115595 195120 80239 105218 162824 123747 129704 21223 111698 12649 14822 185619 160387 74852 129656 110177 124803 83693 27736 76363 101515 186822 33630 134461 169483 82490 47743 140730 147557 91221 65330 138933 22184 112475 165588 85873 41560 63308 100453 135518 3850 163758 87680 53342 61308 154047 19445 22568 191429 89637 18237 28543 108583 193587 34678 72451 74421 67430 5240 21014 97752 151995 82389 136171 137323 109844 145443 134259 139466 81994 197462 55488 20874 86746 125892 35203 22816 97114 81087 179122 75114 1139 164965 124930 73563 180802 641 27134 24677 1005 49937 146391 66379 110705 97452 111817 2846 47130 148915 98854 139453 105404 189760 79946 112920 139448 50288 53908 7571 19397 85644 69426 182409 59826 17568 63363 67259 32626 151779 41073 49254 56498 61591 146243 91470 66433 64096 131229 181906 168060 111486 43189 119502 184484 122204 110660 120551 66158 164835 11811 53709 168211 199842 164631 193976 18815 13700 187277 102783 56470 178751 35191 42320 113389 94178 122338 136618 45187 23034 184106 77091 111507 97394
3
65537 65537 131073
200
1 1 1 1 1 1 1 1 1 1 1 1 1 1 1 1 1 1 1 1 1 1 1 1 1 1 1 1 1 1 1 1 1 1 1 1 1 1 1 1 1 1 1 1 1 1 1 1 1 1 1 1 1 1 1 1 1 1 1 1 1 1 1 1 1 1 1 1 1 1 1 1 1 1 1 1 1 1 1 1 1 1 1 1 1 1 1 1 1 1 1 1 1 1 1 1 1 1 1 1 1 1 1 1 1 1 1 1 1 1 1 1 1 1 1 1 1 1 1 1 1 1 1 1 1 1 1 1 1 1 1 1 1 1 1 1 1 1 1 1 1 1 1 1 1 1 1 1 1 1 1 1 1 1 1 1 1 1 1 1 1 1 1 1 1 1 1 1 1 1 1 1 1 1 1 1 1 1 1 1 1 1 1 1 1 1 1 1 1 1 1 1 1 1 1 1 1 1 1 1
200
106500 149100 24495 123540 4615 39405 82715 83425 74550 1065 22365 105900 148260 24357 122844 4589 39183 82249 82955 74130 1059 22239 33300 46620 7659 38628 1443 12321 25863 26085 23310 333 6993 123300 172620 28359 143028 5343 45621 95763 96585 86310 1233 25893 102900 144060 23667 119364 4459 38073 79919 80605 72030 1029 21609 46800 65520 10764 54288 2028 17316 36348 36660 32760 468 9828 99600 139440 22908 115536 4316 36852 77356 78020 69720 996 20916 6900 9660 1587 8004 299 2553 5359 5405 4830 69 1449 51300 71820 11799 59508 2223 18981 39843 40185 35910 513 10773 109500 153300 25185 127020 4745 40515 85045 85775 76650 1095 22995 128700 180180 29601 149292 5577 47619 99957 100815 90090 1287 27027 355 353 111 411 343 156 332 23 171 365 429 300 420 69 348 13 111 233 235 210 3 63 140937 131522 154448 56776 10900 125841 184705 42849 31329 43365 4538 75330 192682 91349 152217 167611 186848 126264 76763 30045 17149 166280 181250 107242 95178 67867 88399 135990 171397 123017 22767 41166 62189 28999 138699 5753 97932 78535 158536 153828 40982 124100 77637 29420 60983 34413 161838 77283 115740 175859 66733 94969 113784 44355 59794 34897 3606
200
104440 120574 7763 42525 182310 191954 193314 25676 46590 6859 77393 168416 46320 73729 166344 64500 180880 108180 49412 51746 175038 128067 16643 165182 166700 20701 17760 155670 171940 166138 25590 178337 97918 138733 168103 83909 122993 5941 180643 2712 50565 109582 64460 184393 12206 38442 38738 79464 71447 142009 153347 133494 132452 105171 19583 61350 63643 101839 116309 173393 12632 115190 29535 97464 105466 68931 144232 179992 167319 75347 166863 157072 27885 127701 44402 15614 9271 45339 83788 10994 51282 76276 158770 179157 115788 52520 80164 55833 139002 16608 107218 93159 93957 70277 85019 12658 155428 32122 155649 64756 50925 129372 33241 119023 167226 183254 141689 80327 147834 194993 90360 48431 61500 29356 54517 165338 27093 13844 113133 190839 20795 100496 13193 47693 86727 53101 49511 118969 40009 59711 53258 42594 15285 149376 30674 71761 8143 37460 94658 125490 175186 164687 82772 176130 170855 56505 155430 18123 96882 171633 147437 12152 122634 148026 33491 183354 45627 67297 19903 189554 124989 62982 48998 66757 143328 40134 161259 43058 57949 49046 40825 164309 174366 19373 52762 160615 49230 29224 183072 94904 31100 103643 85264 94880 176749 199501 11045 118503 152538 458 126221 42333 66567 92483 52018 36041 88606 113688 98329 75687
200
48298 20079 19348 145457 189005 81295 46954 186845 85818 27348 69926 142172 6066 111020 80544 129463 160391 175178 85489 193465 170864 196080 182313 745 175522 1193 69647 15847 33361 89498 39695 124414 155132 78900 93675 95444 44632 174392 197626 62001 195808 148129 181440 77195 130263 184625 141641 4726 97054 31315 194324 17706 45082 184228 133153 69251 12637 182410 82125 66527 136577 51108 146250 49449 115938 76084 127918 21826 31347 119706 148935 124514 46700 168069 123267 184266 78719 40951 157717 112635 42102 21576 16814 127067 161597 127271 44865 96475 86990 124329 108880 136580 108977 145233 136341 131952 2697 77189 41200 41289 68467 35916 51966 186550 8377 71897 69848 63289 133192 79804 116435 36430 73373 132001 170334 80798 69611 163992 68056 79092 60912 113183 46686 45987 155175 46618 150864 55307 127105 54618 109448 113657 125273 156519 87544 124617 64480 28657 83689 57338 68760 107834 169075 126844 38755 70552 119532 58077 70561 32307 188708 133747 193624 64572 16189 171849 125921 120685 56069 106197 57990 177805 97633 123365 28736 163053 171029 17713 65587 139521 12457 27925 187999 45066 133016 147610 91782 136766 114370 110680 186328 129324 164843 78067 151275 198682 57408 4234 28532 146374 62297 67753 45280 30713 34510 60597 10280 148407 24347 158745
