30
6
5 2 4 6 3 1
6
2 4 8 16 32 64
3
1 1 1
3
200000 200000 200000
200
0 0 1 1 0 0 1 1 0 0 1 1 1 0 0 1 0 0 0 1 0 1 0 1 0 1 1 0 0 0 1 1 0 1 0 1 0 0 0 1 0 1 1 0 1 0 1 0 1 0 1 0 1 1 1 0 0 0 0 1 1 1 1 1 0 1 1 1 1 1 0 0 0 1 1 0 1 1 0 0 0 1 0 0 0 1 0 0 0 1 1 0 0 1 0 1 1 0 0 1 1 1 0 0 1 0 1 0 0 0 0 0 1 0 1 1 0 1 1 1 1 1 1 0 0 0 1 1 1 0 1 0 0 0 1 1 1 0 1 0 0 0 1 0 0 0 0 1 1 1 0 0 1 1 1 1 1 0 1 1 0 1 0 1 0 1 0 1 0 0 0 1 0 0 1 0 0 1 1 1 0 1 0 1 1 1 1 1 0 1 0 0 0 1 1 0 1 0 0 1
200
200000 200000 200000 200000 200000 200000 200000 200000 200000 200000 200000 200000 200000 200000 200000 200000 200000 200000 200000 200000 200000 200000 200000 200000 200000 200000 200000 200000 200000 200000 200000 200000 200000 200000 200000 200000 200000 200000 200000 200000 200000 200000 200000 200000 200000 200000 200000 200000 200000 200000 200000 200000 200000 200000 200000 200000 200000 200000 200000 200000 200000 200000 200000 200000 200000 200000 200000 200000 200000 200000 200000 200000 200000 200000 200000 200000 200000 200000 200000 200000 200000 200000 200000 200000 200000 200000 200000 200000 200000 200000 200000 200000 200000 200000 200000 200000 200000 200000 200000 200000 200000 200000 200000 200000 200000 200000 200000 200000 200000 200000 200000 200000 200000 200000 200000 200000 200000 200000 200000 200000 200000 200000 200000 200000 200000 200000 200000 200000 200000 200000 200000 200000 200000 200000 200000 200000 200000 200000 200000 200000 200000 200000 200000 200000 200000 200000 200000 200000 200000 200000 200000 200000 200000 200000 200000 200000 200000 200000 200000 200000 200000 200000 200000 200000 200000 200000 200000 200000 200000 200000 200000 200000 200000 200000 200000 200000 200000 200000 200000 200000 200000 200000 200000 200000 200000 200000 200000 200000 200000 200000 200000 200000 200000 200000 200000 200000 200000 200000 200000 200000
3
65537 65537 131073
200
183654 81932 164043 16474 158818 179752 100657 107507 68053 158622 177006 93180 135705 114532 77153 116008 144705 81242 76664 161169 44371 190061 63162 124175 28251 143856 107144 141269 61923 141522 85250 90840 133932 104007 111588 188542 160027 16496 120944 40393 29088 103471 104627 107763 79460 142910 25422 81530 43428 1230 95182 119786 128473 166922 95032 84277 93232 168057 100837 126351 112538 21522 140318 191074 153840 13087 191594 155917 159648 107047 110003 133093 40227 41524 117918 124042 124657 184979 100807 175706 150398 171794 108132 193758 19650 111261 97982 145189 93068 154702 83422 13471 52001 9995 154861 20616 151046 169953 163891 77502 108168 70717 183619 127675 97034 100936 196975 154092 180069 123770 153393 90444 156479 117990 195788 156477 125082 100746 99813 105743 54493 104941 140895 93287 123279 167676 31509 64190 23642 97142 44805 156577 174371 87719 70142 22693 5417 30638 151235 185531 82085 95614 13054 33610 140482 115395 194329 129862 13981 109164 42807 100950 179417 81779 187879 2300 156117 12721 91915 21222 82310 92374 16612 174012 174069 22189 133987 198073 92358 138754 36032 191498 138732 137734 91657 22866 129828 113664 153604 51009 148548 93907 168531 91795 92707 108867 52588 175388 27540 18119 17142 50103 22358 108076 111054 178297 20730 164370 75779 194421
200
62424 48756 27540 2040 24684 19788 37332 75276 17952 84456 134946 105399 59535 4410 53361 42777 80703 162729 38808 182574 103122 80543 45495 3370 40777 32689 61671 124353 29656 139518 16218 12667 7155 530 6413 5141 9699 19557 4664 21942 57834 45171 25515 1890 22869 18333 34587 69741 16632 78246 95472 74568 42120 3120 37752 30264 57096 115128 27456 129168 131274 102531 57915 4290 51909 41613 78507 158301 37752 177606 73134 57121 32265 2390 28919 23183 43737 88191 21032 98946 99756 77914 44010 3260 39446 31622 59658 120294 28688 134964 4284 3346 1890 140 1694 1358 2562 5166 1232 5796 204 441 337 53 189 312 429 239 326 14 306 239 135 10 121 97 183 369 88 414 55233 183472 3307 35985 36743 145729 179348 4657 136106 129047 164591 194986 155409 131095 6788 23202 92908 71477 20263 72481 112397 53173 179918 37224 171156 169296 49709 108729 164671 148046 24118 43958 157562 46557 77641 182353 170326 186716 72409 68269 179323 6945 9192 152104 93570 17909 66821 12398 16085 68890 109890 4557 70624 65028 183325 88548 20948 91786 139584 106419 45937 158632 111915 123241 178334 150085 42352 8627 35501 111284 57837 173865 59395 105952 106823 135253 117856 196555 177624 65777
200
18819 126212 196793 5170 22879 42359 184797 112089 98055 166956 141148 127129 31528 33858 30026 171342 114870 84851 101046 172448 191850 32422 186404 89734 16823 3714 109626 177943 109748 43624 88057 143254 162967 101388 163503 127111 67050 133748 160244 163051 153674 67444 5637 28685 177070 181646 62425 81925 128869 19929 199008 144547 155140 130147 158520 172029 83296 187846 125398 21720 110009 140091 40103 5180 177376 21006 153575 152512 194639 105069 149992 51571 9808 174008 57691 94463 63685 79497 88066 22693 197420 146856 55614 397 150787 104841 159161 167837 120557 66327 57818 119466 43461 101988 176535 51699 60027 180800 56350 29151 193080 92926 27781 164733 30320 75370 121246 55724 178519 90307 59576 99169 56770 174047 170945 121623 79757 49557 117097 114412 23078 157303 79773 107248 87599 106763 134425 12506 150836 78934 151893 187573 144757 189439 135499 5096 23549 26681 23304 119098 115409 151309 148763 72474 69340 53032 72257 143394 156390 105301 190643 176112 77934 193620 155298 167518 96980 150257 81491 101609 149617 87570 155136 83767 978 107835 68431 19495 86030 82999 92997 167082 198228 33667 32216 27076 192183 165469 131060 180121 130172 21426 172224 185582 60196 348 106856 197501 82249 18530 2943 168448 64970 98896 29158 183849 3777 9492 187210 130413
200
20889 163287 134757 126194 144069 186858 198568 154917 193350 79082 101412 149709 158810 81210 183433 187733 136102 100864 86870 46931 168400 66560 108570 94583 36762 196825 187676 193526 151774 29194 137162 9660 58379 11039 44975 124722 100940 114094 85101 52756 23440 23527 37797 96291 170837 117467 114963 181401 120387 76311 87793 41699 199761 158638 109149 38623 27046 17541 186784 72429 177911 11345 36721 57613 49890 86227 41333 136214 198 162419 154665 153831 117450 80481 63543 130483 190652 168940 101068 190489 56073 161033 174396 137240 151910 53987 197237 105210 27160 9567 91873 7652 128613 172298 32342 4967 17590 94614 19079 164237 112367 189657 119089 92551 72949 145848 194944 78477 179118 73869 12265 40778 63889 6440 66865 140850 170440 187568 151831 56353 58520 157383 123823 618 500 137131 4514 79352 30119 128288 73825 126615 59046 167282 181284 150289 58811 151381 105475 173782 139359 60251 150894 193860 42587 8099 126643 925 24849 127418 47356 189052 89926 18853 138351 95639 92634 89140 160810 82447 107206 133668 167638 155930 37255 172585 138444 32893 48218 121944 165815 23350 153837 46130 153656 21718 50227 118773 198454 144387 109159 90734 104851 104810 128948 96873 152018 18184 2077 150099 84019 69797 105433 125114 80673 19493 79727 96280 170191 146074
200
65537 65537 131073 65537 131073 65537 65537 131073 65537 65537 131073 65537 131073 65537 131073 65537 131073 131073 65537 131073 131073 65537 131073 65537 131073 65537 65537 65537 65537 65537 65537 65537 131073 131073 65537 131073 131073 131073 131073 131073 65537 131073 65537 131073 131073 131073 65537 131073 65537 65537 65537 131073 131073 65537 65537 131073 65537 131073 131073 65537 65537 131073 131073 65537 65537 65537 131073 65537 65537 65537 131073 65537 65537 131073 65537 65537 131073 65537 131073 131073 131073 65537 65537 131073 131073 65537 65537 131073 131073 131073 131073 131073 131073 65537 65537 131073 131073 65537 65537 65537 131073 65537 65537 65537 131073 131073 65537 65537 131073 65537 65537 131073 65537 65537 131073 131073 65537 131073 65537 65537 65537 65537 65537 65537 131073 131073 65537 131073 65537 131073 65537 65537 131073 131073 65537 131073 65537 131073 65537 131073 65537 131073 65537 65537 131073 131073 65537 131073 65537 65537 131073 131073 131073 65537 65537 131073 131073 131073 65537 131073 131073 131073 131073 65537 131073 131073 65537 65537 131073 65537 65537 65537 131073 65537 65537 65537 65537 131073 65537 131073 131073 65537 65537 65537 65537 65537 65537 131073 65537 65537 131073 65537 131073 131073 131073 65537 131073 131073 65537 131073
200
51848 155151 144821 50031 163813 110196 123181 46118 134980 143341 55089 26628 81162 146016 61808 122461 151523 110283 25005 182179 10424 127252 194790 55827 62240 193667 111228 28488 15912 4697 22198 48358 130627 67024 57075 185651 72536 168323 12717 108237 157628 13890 40249 171463 109433 102387 58348 61894 128799 69256 70967 109394 15786 149706 52019 107370 93293 153917 8947 118435 115676 1666 157082 15654 51965 69693 125664 56352 76963 157021 125883 71157 21434 95034 6652 102661 159112 22228 198358 25150 149187 28366 33913 46140 118419 160785 82705 171999 118027 173221 101991 143106 132863 183859 68452 42791 70741 71958 174671 32580 24575 68534 180018 143340 45413 74787 2892 5724 131504 179673 185244 86794 18916 125011 134468 46199 86465 133490 19565 57051 34593 5431 176462 158230 66073 142856 82219 125164 36036 124936 199104 105033 121694 77271 28584 64708 154829 89958 68582 53820 115895 14545 188219 65502 79632 169453 40831 57204 181498 53780 118598 129936 143299 41546 154206 100592 166573 149027 181349 174930 101045 188167 59844 139039 170772 30885 124776 154762 112132 2190 91915 25270 54759 136125 12671 122434 17759 182793 150578 101357 156324 102736 64099 116137 135050 16386 68243 136315 30056 91866 193720 199948 165077 90279 177484 119332 153879 88420 85017 14290
200
149582 105651 168291 63702 174678 178032 13687 129646 39787 27966 1251 98793 89111 77817 82936 190162 119325 94694 78838 190464 76064 73947 160849 38060 156284 53603 101146 74281 124799 108606 148272 70741 120805 173657 79617 114604 13329 60027 33862 115645 107055 174336 111995 46088 14543 169140 192198 30566 168683 144139 115347 37783 167814 178534 117013 168514 431 165848 196713 33572 38046 76445 10935 188306 85374 117261 181319 55118 52406 91971 38443 34148 188389 122955 185727 93728 184487 137432 106589 24342 51390 90487 123205 105955 68321 171589 55537 165532 168284 59647 103161 80891 113171 29095 44753 29583 72894 101475 113515 196190 173621 56793 69830 52477 7800 49528 47216 50776 90777 83537 47228 65354 35101 149204 52716 135530 47555 3727 12032 101070 148097 180761 151963 129114 65651 197844 187041 21787 19845 37341 170728 160697 55249 67725 25774 188369 44755 123563 51400 37775 32822 135309 68298 190636 150644 87530 33647 79929 29912 164637 13601 46888 72196 40591 131625 98825 5589 6561 75105 60644 133540 39761 64212 183793 156710 111421 77275 45308 192686 68576 54749 156166 186253 133522 70690 186531 172813 172087 176324 159450 89348 74992 75991 178151 188458 28609 79466 96313 145486 152157 143496 121377 89356 176649 33566 181290 83049 40948 187903 153869
200
1 1 1 1 1 1 1 1 1 1 1 1 1 1 1 1 1 1 1 1 1 1 1 1 1 1 1 1 1 1 1 1 1 1 1 1 1 1 1 1 1 1 1 1 1 1 1 1 1 1 1 1 1 1 1 1 1 1 1 1 1 1 1 1 1 1 1 1 1 1 1 1 1 1 1 1 1 1 1 1 1 1 1 1 1 1 1 1 1 1 1 1 1 1 1 1 1 1 1 1 1 1 1 1 1 1 1 1 1 1 1 1 1 1 1 1 1 1 1 1 1 1 1 1 1 1 1 1 1 1 1 1 1 1 1 1 1 1 1 1 1 1 1 1 1 1 1 1 1 1 1 1 1 1 1 1 1 1 1 1 1 1 1 1 1 1 1 1 1 1 1 1 1 1 1 1 1 1 1 1 1 1 1 1 1 1 1 1 1 1 1 1 1 1 1 1 1 1 1 1
200
38325 98456 53205 195747 164421 49305 197512 1675 80357 23443 47847 113975 23781 3182 70518 16567 132177 179717 106225 52196 11819 194915 133455 29276 29894 157476 7505 105881 149440 111068 180052 194 30016 82889 35377 156393 75175 16243 75341 123688 95223 99009 143441 155693 27915 114864 122435 99200 1504 198510 79131 199148 160510 46399 121416 177543 176929 54038 68539 16157 99387 159302 137635 26692 152435 29832 90147 195280 126527 105872 78055 34566 39054 116818 96487 126943 27946 149362 172058 64925 176467 140483 28801 42607 35823 165019 22119 41045 46801 59905 190888 110762 192761 125341 101380 80856 158484 117003 119009 45458 67406 6054 69359 178394 54499 74762 61348 191345 95 155136 140900 165957 66735 52772 33770 189923 26365 21965 75471 83702 173926 135535 8488 184214 109690 77918 5337 160201 83642 136600 49475 159970 8109 76443 109742 148963 172430 70718 148323 32203 169230 164453 31950 172596 7124 133567 112127 64140 176308 71682 83769 127385 186184 197816 16777 24561 14741 30607 189169 117263 187687 55926 115862 52244 68810 25580 104429 52021 189204 15307 164171 183875 149889 156877 2916 51644 13886 13030 133017 63966 833 115254 20172 35636 103652 167647 48855 57120 74211 111364 162742 44244 23928 143866 57058 103837 50825 24566 176742 86181
200
1 1 0 0 1 1 1 1 0 1 1 0 0 1 1 0 0 0 0 1 0 1 0 0 0 1 1 0 1 1 0 1 1 1 1 1 1 1 1 0 0 0 1 1 0 1 1 0 0 0 0 1 1 1 0 0 0 0 1 0 1 1 0 0 0 0 0 0 1 0 0 1 1 0 1 1 1 0 0 1 0 1 1 1 1 0 1 0 0 1 1 0 0 0 1 0 1 0 0 0 1 0 0 1 1 0 0 1 0 0 1 0 0 0 0 1 1 1 1 1 1 0 1 0 0 1 1 0 1 0 1 1 0 0 1 1 0 1 0 1 0 1 0 0 0 1 1 1 1 0 1 1 1 1 0 0 0 0 1 1 1 0 0 1 0 1 0 1 1 1 1 0 1 1 1 1 0 1 0 1 0 0 0 0 1 1 1 0 1 0 1 1 1 1 0 0 1 0 0 1
200
55692 43836 56160 33384 6552 32916 44460 2964 56628 31773 25009 32040 19046 3738 18779 25365 1691 32307 74256 58448 74880 44512 8736 43888 59280 3952 75504 108528 85424 109440 65056 12768 64144 86640 5776 110352 357 281 360 214 42 211 285 19 363 27489 21637 27720 16478 3234 16247 21945 1463 27951 61404 48332 61920 36808 7224 36292 49020 3268 62436 4998 3934 5040 2996 588 2954 3990 266 5082 146013 114929 147240 87526 17178 86299 116565 7771 148467 156 89 208 304 1 77 172 14 409 357 281 360 214 42 211 285 19 363 30299 148699 44399 3990 180045 118404 24941 171867 22385 36860 115304 21969 21656 63041 29148 100325 175870 128646 117259 54045 42639 108958 164968 138745 93874 93416 168214 126484 49407 182131 75404 6231 98282 147620 186667 158275 65768 116392 42213 66441 177453 110520 49778 120597 89214 48826 28579 159135 69669 122766 77173 71237 89864 36229 77829 144522 107376 20409 88239 96155 179726 67676 6359 2327 178715 77118 53029 36097 145109 39314 181704 156384 110411 142606 43081 132100 143258 195568 196847 147611 112511 167351 33725 58478 166409 6461 154566 31000 120908 35556 76610 104939 269 152875 99611 135354 68510 186485 26936 186342 155374
200
35300 181925 70328 104592 125303 11699 818 29511 190137 105521 13303 51332 108154 140485 76834 115716 195791 85930 107826 182813 7581 158876 34736 148598 56698 75699 17719 65943 97066 26045 48452 115767 70443 23931 146992 14585 45256 49005 98482 131071 35540 60847 157085 176607 104276 162805 159472 175439 54642 46413 144785 82546 65251 171331 102097 142529 190014 150848 179598 129216 107339 161553 7029 79617 120792 23046 26352 68184 128726 17996 13593 7663 134779 172129 84312 19059 102881 42088 107449 168013 55919 4033 14316 68953 182081 121889 143569 91970 99780 175383 61445 21975 96398 175343 135658 94532 91654 183605 64008 139794 81744 28582 97966 188968 43579 61361 45505 103090 694 81538 46018 3373 65475 197155 67097 115301 39827 96053 99914 186849 188160 35953 48327 50692 105375 5357 47699 143754 106244 123647 165849 60728 146674 67243 182652 174552 159573 153796 106201 22526 55966 177256 42160 123083 58658 174851 42446 30271 9429 64796 149589 93379 73314 190166 142329 196422 58473 112016 41338 43696 4937 185269 166670 128430 23092 150362 67675 175736 86787 34286 136891 121246 186959 37414 38424 27402 20247 173225 195203 196756 23405 72099 69010 125552 23156 123917 148219 115034 87833 78442 18723 165247 50673 97587 181717 142333 85354 134212 64075 98905
200
0 0 0 0 0 0 0 0 0 0 0 0 0 0 0 0 0 0 0 0 0 0 0 0 0 0 0 0 0 0 0 0 0 0 0 0 0 0 0 0 0 0 0 0 0 0 0 0 0 0 0 0 0 0 0 0 0 0 0 0 0 0 0 0 0 0 0 0 0 0 0 0 0 0 0 0 0 0 0 0 0 0 0 0 0 0 0 0 0 0 0 0 0 0 0 0 0 0 0 0 80252 176298 115689 80465 455 129876 51443 128471 41603 8897 42627 176151 189404 9192 131673 61087 125731 80878 39779 42081 7948 6188 103713 86520 64974 92940 103741 135103 1097 80041 161170 166877 78552 93206 171485 192393 154611 11259 42816 39881 144608 38125 166517 194381 23529 89185 154840 100517 105963 128412 179494 148418 29847 61692 87730 103596 111516 97255 114825 31174 74506 130106 170126 130938 52576 199786 868 28719 102238 162312 43948 37272 112298 78389 106682 97360 143579 84930 66088 275 145188 50976 181252 115356 12773 68328 15851 134010 135294 14389 15221 729 75298 1061 43662 134695 168024 182183 106157 76899
200
0 0 0 0 0 0 0 0 0 0 0 0 0 0 0 0 0 0 0 0 0 0 0 0 0 0 0 0 0 0 0 0 0 0 0 0 0 0 0 0 0 0 0 0 0 0 0 0 0 0 0 0 0 0 0 0 0 0 0 0 0 0 0 0 0 0 0 0 0 0 0 0 0 0 0 0 0 0 0 0 0 0 0 0 0 0 0 0 0 0 0 0 0 0 0 0 0 0 0 0 98700 19060 182402 89824 75948 54514 142768 195500 123313 10647 188356 129645 152285 57589 113453 179341 116038 121887 70274 140436 63715 159701 6498 25347 60323 127847 47423 108770 149124 108712 138825 39373 131934 141636 106535 135655 77253 63093 169680 192538 152163 10144 44825 88127 40855 13419 40691 67281 65873 109066 145042 175585 87430 4675 29078 102793 103280 110109 132891 116034 164457 159575 6458 89397 50598 29346 2902 183940 66987 58371 24078 112530 102986 188139 77439 80582 15524 162663 56627 183009 85590 149310 95394 61795 108926 48893 188172 89177 59032 197818 44211 189188 161060 120551 101566 129646 121587 193551 137026 113853
200
119275 124413 151938 6606 153773 58720 20552 29727 139093 39636 44774 36700 60922 108875 113565 138690 6030 140365 53600 18760 27135 126965 36180 40870 33500 55610 6825 7119 8694 378 8799 3360 1176 1701 7959 2268 2562 2100 3486 54275 56613 69138 3006 69973 26720 9352 13527 63293 18036 20374 16700 27722 46475 48477 59202 2574 59917 22880 8008 11583 54197 15444 17446 14300 23738 121225 126447 154422 6714 156287 59680 20888 30213 141367 40284 45506 37300 61918 62725 65427 79902 3474 80867 30880 10808 15633 73147 20844 23546 19300 32038 39000 40680 49680 2160 50280 19200 6720 9720 45480 12960 14640 12000 19920 68575 71529 87354 3798 88409 33760 11816 17091 79969 22788 25742 21100 35026 16250 16950 20700 900 20950 8000 2800 4050 18950 5400 6100 5000 8300 99775 104073 127098 5526 128633 49120 17192 24867 116353 33156 37454 30700 50962 124475 129837 158562 6894 160477 61280 21448 31023 145157 41364 46726 38300 63578 76375 79665 97290 4230 98465 37600 13160 19035 89065 25380 28670 23500 39010 367 335 21 167 143 373 193 120 211 50 307 383 235 325 339 414 18 419 160 56 81 379 108 122 100 166 71375 153007 159645 126134 199601
200
25519 43602 33800 39039 15886 4563 33124 40560 67769 53303 91074 70600 81543 33182 9531 69188 84720 141553 64477 110166 85400 98637 40138 11529 83692 102480 171227 65232 111456 86400 99792 40608 11664 84672 103680 173232 54662 93396 72400 83622 34028 9774 70952 86880 145162 25670 43860 34000 39270 15980 4590 33320 40800 68170 66440 113520 88000 101640 41360 11880 86240 105600 176440 62061 106038 82200 94941 38634 11097 80556 98640 164811 58135 99330 77000 88935 36190 10395 75460 92400 154385 169 353 427 432 362 170 440 411 385 151 258 200 231 94 27 196 240 401 158728 26589 129547 175587 48371 7102 164499 174839 164931 40308 98619 83258 98637 98505 160508 33946 126660 86603 94161 122138 168511 79522 111414 86641 118484 72008 10327 122388 164509 123700 57806 94866 183232 91058 8825 110182 24468 96703 152162 106273 163260 62311 51967 129442 48025 157668 70063 110137 140282 179330 83114 84366 101874 183148 48203 50983 105565 12067 148501 167030 39073 4914 93865 55773 117057 134799 79168 115591 115867 118963 178864 165349 28634 80556 32018 107438 141790 124265 53802 134863 111360 9512 25380 162825 155862 187456 1835 18986 1966 29160 128082 118081 142404 70073 187799 187252 42757 132989 132808 191564 60291
200
0 0 0 0 0 0 0 0 0 0 0 0 0 0 0 0 0 0 0 0 0 0 0 0 0 0 0 0 0 0 0 0 0 0 0 0 0 0 0 0 0 0 0 0 0 0 0 0 0 0 0 0 0 0 0 0 0 0 0 0 0 0 0 0 0 0 0 0 0 0 0 0 0 0 0 0 0 0 0 0 0 0 0 0 0 0 0 0 0 0 0 0 0 0 0 0 0 0 0 0 0 0 0 0 0 0 0 0 0 0 0 0 0 0 0 0 0 0 0 0 0 0 0 0 0 0 0 0 0 0 0 0 0 0 0 0 0 0 0 0 0 0 0 0 0 0 0 0 0 0 0 0 0 0 0 0 0 0 0 0 0 0 0 0 0 0 0 0 0 0 0 0 0 0 0 0 0 0 0 0 0 0 0 0 0 0 0 0 0 0 0 0 0 0 0 0 0 0 0 0
200
7165 30156 84727 96574 166638 86942 126064 106214 122425 64647 47862 152120 107505 20211 172875 92939 151723 147583 18656 958 173580 56126 83221 48021 104753 121532 56362 157121 147103 10836 97525 144878 69800 81834 163430 167566 184984 173834 135171 197749 175526 40370 32092 146998 4477 101875 151616 86044 32423 9736 123006 84775 41736 51148 188470 109149 138640 809 140957 21344 120781 196280 153045 34608 77550 155666 61429 152334 132793 61246 37614 5834 148088 22252 111134 194636 162401 13911 108647 38188 104274 124792 32870 93456 106778 97379 157240 119822 151840 46479 155504 75227 159121 37739 145290 23347 139024 131675 40552 127486 109289 144863 192705 183345 76332 51570 124924 135788 59340 193744 12691 187813 152667 178088 183529 56334 143155 180470 24980 82550 172437 28979 24791 47765 187588 172200 111322 8332 170617 196445 18606 183717 87407 186864 131065 177675 169428 162932 78371 36018 176705 146997 48738 92624 36279 10864 196901 186961 181343 9699 63793 153500 105857 37498 586 117710 32010 60298 100815 65502 81446 161905 190289 52579 24506 191586 141869 74861 34901 33143 148997 71078 141958 71412 73177 189878 51140 13144 60886 156908 50423 98172 135785 13167 31621 7554 141499 79251 101214 154763 167105 131131 54910 20714 148188 111302 73504 67708 49048 114595
200
84036 23701 112167 174162 92410 48302 51193 47601 134230 7086 127247 178039 123659 143026 48061 139546 129706 64033 184055 13333 191515 164533 103017 53957 11172 104661 31655 60479 165100 78142 153271 164211 199532 178117 153573 68825 24277 82162 169037 135556 179756 135308 191593 10256 105651 11429 41662 42259 101121 163718 160892 29725 59436 179182 116935 139887 33305 81460 63962 121447 82356 131741 129353 31648 198106 67300 92439 138381 103510 24036 85212 110746 37475 111082 142891 47766 30224 126942 191740 30170 54299 127697 73203 23163 122032 69021 185295 176456 30048 35848 23011 112152 173624 33891 164822 109711 107763 106366 105771 117060 148267 80599 79952 121158 199424 114863 32965 143482 80734 112010 135820 139581 103688 44160 140045 39028 115869 193696 144691 159286 84094 175211 157939 127638 61948 100834 101698 107891 147376 175485 186248 99609 106758 165433 191172 92856 159656 54733 118928 135024 184365 196729 159665 98262 184773 151407 69166 142364 188942 14831 112735 94542 171875 4389 139885 166321 38853 55208 93025 73732 173679 41172 136707 41701 59282 106870 72027 148063 10065 179471 27416 24919 157947 148752 34648 168522 39340 169961 182762 33944 135415 9152 164742 1766 131303 19290 114085 23391 76286 160266 67055 144279 77318 189554 45709 83552 155057 87473 5587 156695
200
63546 45924 16554 3916 54290 66928 52332 62122 50374 9256 9282 6708 2418 572 7930 9776 7644 9074 7358 1352 121023 87462 31527 7458 103395 127464 99666 118311 95937 17628 106029 76626 27621 6534 90585 111672 87318 103653 84051 15444 58191 42054 15159 3586 49715 61288 47922 56887 46129 8476 141015 101910 36735 8690 120475 148520 116130 137855 111785 20540 136374 98556 35526 8404 116510 143632 112308 133318 108106 19864 107457 77658 27993 6622 91805 113176 88494 105049 85183 15652 29631 21414 7719 1826 25315 31208 24402 28967 23489 4316 74256 53664 19344 4576 63440 78208 61152 72592 58864 10816 178 26 339 297 163 395 382 301 83 208 357 258 93 22 305 376 294 349 283 52 115279 197012 118703 161794 95444 183137 194495 4856 14472 61936 58469 164833 152517 76505 190314 53078 1399 44509 57269 184376 139960 56929 116931 92546 133685 42077 64745 183006 56833 170221 117960 45880 126114 60932 126779 129639 147090 56077 191183 72971 27995 178107 1731 31735 87084 114035 198088 199032 75618 42414 116 1888 163274 18457 14261 179104 91867 146215 76367 189623 87884 105376 43491 114835 85631 196325 78548 146767 132987 70470 42806 199428 29597 165360 52389 38656 161495 199785 96758 61554
200
110763 116622 45477 7812 106299 21762 20925 58311 3627 78606 82764 32274 5544 75438 15444 14850 41382 2574 103220 108680 42380 7280 99060 20280 19500 54340 3380 16674 17556 6846 1176 16002 3276 3150 8778 546 115130 121220 47270 8120 110490 22620 21750 60610 3770 124658 131252 51182 8792 119634 24492 23550 65626 4082 87737 92378 36023 6188 84201 17238 16575 46189 2873 64711 68134 26569 4564 62103 12714 12225 34067 2119 0 0 0 0 0 0 0 0 0 279 198 260 42 290 314 221 163 0 397 418 163 28 381 78 75 209 13 167528 83744 62662 86920 168560 147734 51544 130300 136394 175966 36482 71677 91804 24024 90876 11556 36710 12008 48431 63084 27208 162478 122922 131132 101496 129055 143840 167550 133075 66613 22383 67279 165235 115182 13653 169529 56801 112989 8240 95468 321 33118 50409 191379 194778 89158 63591 73176 30598 9933 27489 150589 112918 116018 121240 195423 18896 131617 16461 68380 167850 156673 65221 28499 46238 137733 71701 163965 96819 159900 67698 31911 169605 13221 89235 4583 96169 105072 173364 139499 61398 154898 80883 157448 13642 152831 195515 47003 153834 134383 134786 78467 110613 4528 164565 42633 136164 33631 195969 199305 157265
200
15960 11020 6460 82650 1140 23940 30780 81700 18810 0 40850 6468 4466 2618 33495 462 9702 12474 33110 7623 0 16555 28728 19836 11628 148770 2052 43092 55404 147060 33858 0 73530 5544 3828 2244 28710 396 8316 10692 28380 6534 0 14190 34020 23490 13770 176175 2430 51030 65610 174150 40095 0 87075 15456 10672 6256 80040 1104 23184 29808 79120 18216 0 39560 15456 10672 6256 80040 1104 23184 29808 79120 18216 0 39560 7980 5510 3230 41325 570 11970 15390 40850 9405 0 20425 2604 1798 1054 13485 186 3906 5022 13330 3069 0 6665 13104 9048 5304 67860 936 19656 25272 67080 15444 0 33540 15540 10730 6290 80475 1110 23310 29970 79550 18315 0 39775 190 77 342 66 405 184 184 95 31 156 185 84 58 34 435 6 126 162 430 99 0 215 87410 30591 49866 39254 93900 84373 64926 50854 194516 85422 150254 106898 74375 3449 123550 4696 68300 179566 66104 23718 40869 195982 62004 102192 187586 197131 8823 55027 165238 149294 149268 18980 14606 158313 127247 65713 145253 86893 185461 138366 95565 126440 20621 94770 101662 63953 119749 47731 60486 146074 168837 128439 100426 38344 60068 39182 83784
200
14307 57730 36646 27108 15562 107177 4769 83081 17068 31626 42419 24396 98440 62488 46224 26536 182756 8132 141668 29104 53928 72332 17442 70380 44676 33048 18972 130662 5814 101286 20808 38556 51714 16644 67160 42632 31536 18104 124684 5548 96652 19856 36792 49348 17385 70150 44530 32940 18910 130235 5795 100955 20740 38430 51545 969 3910 2482 1836 1054 7259 323 5627 1156 2142 2873 23940 96600 61320 45360 26040 179340 7980 139020 28560 52920 70980 4104 16560 10512 7776 4464 30744 1368 23832 4896 9072 12168 20919 84410 53582 39636 22754 156709 6973 121477 24956 46242 62023 3078 12420 7884 5832 3348 23058 1026 17874 3672 6804 9126 3648 14720 9344 6912 3968 27328 1216 21184 4352 8064 10816 251 428 306 292 305 17 420 72 367 54 64 57 230 146 108 62 427 19 331 68 126 169 95446 120322 28639 64512 188364 165461 167348 194538 166280 163388 303 117250 147147 170140 120744 190008 138186 175525 151480 86449 83558 181094 180976 133292 34222 135640 158321 85966 26208 39061 107706 22713 153355 68780 131217 72692 125540 45320 163972 192240 153086 63901 26595 199371 28230 78690 128132 27817 56339 44303 117174 94998 147018 76302 120771 117011 189206
