30
6
5 2 4 6 3 1
6
2 4 8 16 32 64
3
1 1 1
3
200000 200000 200000
200
416 3302 3809 3744 1183 2548 4030 4316 5408 8320 66040 76180 74880 23660 50960 80600 86320 108160 2944 23368 26956 26496 8372 18032 28520 30544 38272 64 508 586 576 182 392 620 664 832 11008 87376 100792 99072 31304 67424 106640 114208 143104 12160 96520 111340 109440 34580 74480 117800 126160 158080 8192 65024 75008 73728 23296 50176 79360 84992 106496 5216 41402 47759 46944 14833 31948 50530 54116 67808 9280 73660 84970 83520 26390 56840 89900 96280 120640 13 260 92 2 344 380 256 163 290 32 254 293 288 91 196 310 332 416 190282 15088 24438 67061 22631 187067 80406 49230 166283 12849 112252 136619 100593 83066 8471 29255 175694 135770 36735 197936 142327 156430 183061 90523 93358 74782 78295 54486 32569 20714 124134 177715 142066 118089 181895 37754 1238 198660 147047 53081 99999 64158 197259 139088 49852 2823 1204 61286 117697 63891 150169 137616 197158 178047 142663 119395 148911 88521 142003 181974 78903 140079 124415 87456 139832 138301 73377 198477 125302 27232 137336 88439 92871 84794 97285 59042 171704 34418 168592 167026 48521 77718 31350 127964 2177 103028 31874 106710 148664 18980 87339 36472 180943 55969 76225 87475 67431 6536 181464 148691 83627
3
65537 65537 131073
200
87139 18228 14287 140931 135343 39150 125580 74821 71565 81217 137765 84129 97063 159646 140498 151771 14643 73260 40272 189120 123042 53170 122457 84450 35678 140167 160928 128784 192741 58272 182085 36348 118445 109280 157119 159914 85681 138382 151380 185277 15889 103181 13460 80807 44222 108378 32382 154867 125867 42712 141614 112043 20748 149729 43090 174203 138276 74708 147186 185944 16348 197731 81926 156573 89935 137161 44613 25988 181137 171154 43773 183231 171097 124518 6353 121971 14906 142412 35468 23510 160647 77636 128505 32156 170380 36165 164800 153463 149180 47804 38285 135543 195364 7297 138959 121462 156945 138116 159719 188 35242 173601 88873 170991 11868 90688 155632 178852 22015 97490 167629 57494 41993 33920 61917 101957 138051 73794 95741 74519 122344 186021 106561 26229 192482 74974 97316 62040 156133 106302 20996 198740 34548 115588 30861 125367 135510 119720 40798 40590 50910 119654 32068 69104 164687 26022 199911 60592 150361 33045 39849 8372 151282 100291 157807 43919 100954 148060 92594 144526 117093 124506 5009 160893 44258 9223 92675 88249 19176 4301 182253 115411 3731 36729 191296 49223 55195 30880 33019 40772 85513 133176 59444 39726 153158 171381 139236 60450 14643 97991 121685 19398 180448 153336 59636 110601 41738 51078 194699 109839
200
127386 112843 36501 157641 175270 60153 65558 48390 30965 77394 119113 83699 158876 53984 129022 127121 99755 25506 174228 184632 96145 105230 160034 33619 193165 98346 9887 6799 62156 159989 82131 185048 92397 1741 182940 57004 8022 155839 78044 77087 88980 19338 85355 18910 216 74910 50295 135158 33284 42100 160281 108001 145297 135130 1422 5214 50439 53831 118585 8316 175373 76952 105818 87388 24151 51735 92237 51220 47399 6219 64637 142337 127384 125038 69461 89378 11091 106413 162629 192406 40351 1999 198412 57337 107325 112683 107791 190723 30329 54917 128243 190744 98926 66632 59521 114170 111319 36185 99993 89071 90296 89358 5257 115058 169863 97344 13821 174557 131699 177824 14111 133017 117746 176942 93284 14515 154351 128160 62186 143839 158346 189393 169794 62723 20491 50740 26590 65875 103221 154202 187338 167406 53632 190749 71727 122816 58850 133447 796 105134 110354 133946 74797 193330 142016 185657 101169 36671 164314 64160 31773 100036 175168 179452 161735 182337 33509 115045 197871 41731 109265 185505 109754 161897 108702 88411 177155 193193 91455 142124 76206 187014 99665 98981 178083 105910 66881 32541 187211 31542 177637 8104 96230 1254 76745 98185 155961 67413 28349 93816 165515 143299 84674 83835 15936 85183 68225 94119 184436 44921
200
200000 200000 200000 200000 200000 200000 200000 200000 200000 200000 200000 200000 200000 200000 200000 200000 200000 200000 200000 200000 200000 200000 200000 200000 200000 200000 200000 200000 200000 200000 200000 200000 200000 200000 200000 200000 200000 200000 200000 200000 200000 200000 200000 200000 200000 200000 200000 200000 200000 200000 200000 200000 200000 200000 200000 200000 200000 200000 200000 200000 200000 200000 200000 200000 200000 200000 200000 200000 200000 200000 200000 200000 200000 200000 200000 200000 200000 200000 200000 200000 200000 200000 200000 200000 200000 200000 200000 200000 200000 200000 200000 200000 200000 200000 200000 200000 200000 200000 200000 200000 200000 200000 200000 200000 200000 200000 200000 200000 200000 200000 200000 200000 200000 200000 200000 200000 200000 200000 200000 200000 200000 200000 200000 200000 200000 200000 200000 200000 200000 200000 200000 200000 200000 200000 200000 200000 200000 200000 200000 200000 200000 200000 200000 200000 200000 200000 200000 200000 200000 200000 200000 200000 200000 200000 200000 200000 200000 200000 200000 200000 200000 200000 200000 200000 200000 200000 200000 200000 200000 200000 200000 200000 200000 200000 200000 200000 200000 200000 200000 200000 200000 200000 200000 200000 200000 200000 200000 200000 200000 200000 200000 200000 200000 200000 200000 200000 200000 200000 200000 200000
200
42605 59198 8975 98693 24070 140499 59747 72609 155553 122040 82092 80005 7727 5082 188691 123401 105398 125474 139240 87607 139754 184564 92046 90165 110719 93468 78513 12627 166085 141082 128458 101516 34679 153575 62895 157797 177726 125297 14128 191775 191126 86910 193637 162631 18673 48684 79138 169373 145565 31698 179957 160891 96386 189227 173824 61807 118033 81927 185807 115955 171494 12027 122089 147264 43889 39187 36549 139274 41667 108828 141533 188405 176117 97418 154069 16431 156155 186121 126179 131581 154652 89819 198157 30282 96056 131245 122373 16133 99736 131661 97743 143082 49285 168693 147333 115131 78986 173469 164826 36617 90551 66640 20575 49572 53193 133819 137631 163477 22517 9872 151047 35368 107746 19424 54122 91033 7114 108436 25695 64302 36701 44079 147923 68178 62922 41224 109678 135534 80926 98713 27079 175876 168689 88027 152318 94289 116636 144705 105422 46307 44304 84403 153399 71509 131527 70769 41091 26983 158841 42676 97886 176136 185706 11520 147116 101276 118681 109126 69487 123116 177377 136790 137289 82894 96320 67894 76101 134152 66300 39653 127043 194688 197696 147131 196127 94050 70999 55268 29647 95620 173737 34167 37690 60046 59570 59795 172569 127362 155156 192098 117700 48413 71874 12919 47190 119397 80302 32286 57678 61843
200
142560 96336 172368 139968 60048 85104 0 34128 149040 13392 189648 130020 87862 157206 127656 54766 77618 0 31126 135930 12214 172966 4950 3345 5985 4860 2085 2955 0 1185 5175 465 6585 9240 6244 11172 9072 3892 5516 0 2212 9660 868 12292 124410 84071 150423 122148 52403 74269 0 29783 130065 11687 165503 100980 68238 122094 99144 42534 60282 0 24174 105570 9486 134334 61050 41255 73815 59940 25715 36445 0 14615 63825 5735 81215 143220 96782 173166 140616 60326 85498 0 34286 149730 13454 190526 50160 33896 60648 49248 21128 29944 0 12008 52440 4712 66728 32010 21631 38703 31428 13483 19109 0 7663 33465 3007 42583 41910 28321 50673 41148 17653 25019 0 10033 43815 3937 55753 432 394 15 28 377 306 185 434 152 97 127 330 223 399 324 139 197 0 79 345 31 439 66976 186712 73605 194431 160600 22395 42439 81353 16816 61907 120804 69950 123095 20362 39152 74917 186211 56041 184958 196238 188934 47645 15393 82067 185005 15514 152540 189830 43862 36512 79588 32645 195322 180718 77943 176877 25899 156659 95941 113528 76321 23417 77453 180311 143285 97323 76814 4817 22650 171385 114269 76006 195278 28890 159347 123399 132141
200
80967 113436 84666 50964 25482 155358 66993 43931 61548 45938 27652 13826 84294 36349 67374 94392 70452 42408 21204 129276 55746 10441 14628 10918 6572 3286 20034 8639 40779 57132 42642 25668 12834 78246 33741 60479 84732 63242 38068 19034 116046 50041 50038 70104 52324 31496 15748 96012 41402 411 223 342 53 207 307 254 197 276 206 124 62 378 163 21190 142633 96403 122984 156609 36731 37250 134336 28473 57741 123222 152857 178566 25068 179015 50854 99348 76054 129960 151054 154887 129013 60 68661 80110 35656 187775 122196 19428 134749 1323 122889 58186 88741 50517 44395 135023 105335 10339 43569 69794 44100 24192 91777 146769 135086 92823 114752 186828 192611 69418 110582 105488 179703 118469 81870 47342 165788 96330 177274 155150 55055 195197 109650 47616 130173 153494 52737 27489 199149 36733 69691 95853 38640 151037 139541 51957 74548 188139 184255 119062 99589 2870 15562 111190 12761 151049 122279 39453 135831 31536 13563 116966 137246 182581 102560 132325 17471 179037 133282 73789 126657 125694 10125 164552 157860 129325 57121 147614 174228 50871 180490 134872 69733 96754 113924 175112 60002 64691 5252 18762 71572 106650 131968 131446 104447 149513 185656 94133 46324 185618 51399 73910 159373 152818 126241 190860
200
0 0 0 0 0 0 0 0 0 0 0 0 0 0 0 0 0 0 0 0 0 0 0 0 0 0 0 0 0 0 0 0 0 0 0 0 0 0 0 0 0 0 0 0 0 0 0 0 0 0 0 0 0 0 0 0 0 0 0 0 0 0 0 0 0 0 0 0 0 0 0 0 0 0 0 0 0 0 0 0 0 0 0 0 0 0 0 0 0 0 0 0 0 0 0 0 0 0 0 0 0 0 0 0 0 0 0 0 0 0 0 0 0 0 0 0 0 0 0 0 0 0 0 0 0 0 0 0 0 0 0 0 0 0 0 0 0 0 0 0 0 0 0 0 0 0 0 0 0 0 0 0 0 0 0 0 0 0 0 0 0 0 0 0 0 0 0 0 0 0 0 0 0 0 0 0 0 0 0 0 0 0 0 0 0 0 0 0 0 0 0 0 0 0 0 0 0 0 0 0
200
133122 198183 194369 92426 55348 157300 112471 73822 193537 137593 5609 152881 62030 3394 90152 167055 160042 80218 111506 140346 198129 9023 198175 6015 113524 185685 148724 158034 1971 142777 99118 105040 139855 199585 67939 118530 146159 14321 58125 42056 81291 197769 150704 163170 136484 143274 10681 16612 46054 46473 196617 146578 82555 192841 176923 14321 175327 153028 113856 93358 180825 7512 131078 61069 37035 19170 138851 102679 71066 195222 80467 48210 198410 134125 105782 160391 57596 90811 4163 170907 121463 181884 180724 186932 146782 122050 25898 165112 64423 67653 34875 30746 3085 75333 156701 146287 126369 56560 181582 104418 44855 118676 29611 95314 74414 100084 103578 96135 4203 66803 79628 192153 145097 59419 167496 94193 118330 16894 177218 192626 123856 41693 29262 46249 75552 125494 40762 9017 78285 131821 5724 143948 83737 136213 149726 98118 176885 82240 88457 35193 102789 121900 53688 32828 29652 135973 169787 40656 158054 1476 85158 21207 47688 191650 171885 73920 57351 171488 105093 81988 63259 93094 109990 190221 77328 11708 21900 190688 177242 93771 89502 183170 21653 60089 39924 58577 197927 17295 193441 98613 130784 69211 172812 15933 112389 188469 177619 128511 145382 192106 80657 126449 185316 70933 146682 166221 49800 173513 39344 27335
200
0 0 0 0 0 0 0 0 0 0 0 0 0 0 0 0 0 0 0 0 0 0 0 0 0 0 0 0 0 0 0 0 0 0 0 0 0 0 0 0 0 0 0 0 0 0 0 0 0 0 0 0 0 0 0 0 0 0 0 0 0 0 0 0 0 0 0 0 0 0 0 0 0 0 0 0 0 0 0 0 0 0 0 0 0 0 0 0 0 0 0 0 0 0 0 0 0 0 0 0 115566 161391 193786 18784 187099 92204 98218 173424 192667 11291 196645 124361 183019 71043 126359 156774 197496 10137 30345 39584 45272 182668 16207 114351 92526 1551 198588 83119 134518 67762 132827 189515 184377 29711 104931 185519 196453 107292 23810 115454 124172 6910 135739 86929 153230 80307 11567 135122 82521 72046 112036 126684 107952 125969 121695 105028 17092 52899 132075 64678 19145 137994 54049 39971 15159 139582 65820 182950 5106 53724 86032 77730 70360 189478 139340 27089 100452 16000 55940 150571 11329 32032 135157 189991 155589 161157 158301 81937 147085 50384 185372 78298 137773 198842 6580 18529 40117 154463 107069 80775
200
1 1 1 1 1 1 1 1 1 1 1 1 1 1 1 1 1 1 1 1 1 1 1 1 1 1 1 1 1 1 1 1 1 1 1 1 1 1 1 1 1 1 1 1 1 1 1 1 1 1 1 1 1 1 1 1 1 1 1 1 1 1 1 1 1 1 1 1 1 1 1 1 1 1 1 1 1 1 1 1 1 1 1 1 1 1 1 1 1 1 1 1 1 1 1 1 1 1 1 1 1 1 1 1 1 1 1 1 1 1 1 1 1 1 1 1 1 1 1 1 1 1 1 1 1 1 1 1 1 1 1 1 1 1 1 1 1 1 1 1 1 1 1 1 1 1 1 1 1 1 1 1 1 1 1 1 1 1 1 1 1 1 1 1 1 1 1 1 1 1 1 1 1 1 1 1 1 1 1 1 1 1 1 1 1 1 1 1 1 1 1 1 1 1 1 1 1 1 1 1
200
0 0 0 0 0 0 0 0 0 0 0 0 0 0 0 0 0 0 0 0 0 0 0 0 0 0 0 0 0 0 0 0 0 0 0 0 0 0 0 0 0 0 0 0 0 0 0 0 0 0 0 0 0 0 0 0 0 0 0 0 0 0 0 0 0 0 0 0 0 0 0 0 0 0 0 0 0 0 0 0 0 0 0 0 0 0 0 0 0 0 0 0 0 0 0 0 0 0 0 0 116803 70915 172853 70707 166833 31170 27031 115126 182459 97503 109952 8194 103747 91277 142068 142832 135147 126804 6978 131177 98809 41455 54397 34200 28957 85531 199625 25342 179597 159091 84145 146652 34263 26329 115387 185842 56311 64137 17548 124778 66832 98175 102133 76678 85685 127382 195802 47255 88573 4292 12573 134986 75568 77069 90417 51264 167660 117714 43082 17875 164682 5629 1981 10168 12482 157779 85694 79904 61637 92236 46707 73529 23486 181581 101874 148717 102923 79087 39134 102834 46585 89349 184502 183580 30034 176068 48413 123238 31927 116498 3868 9507 116805 188291 142414 132594 49053 42240 44896 95005
200
135345 127684 85247 156013 124546 55426 169064 130931 13653 156115 74575 93345 137721 60809 158147 65161 16891 88591 8745 94873 164396 36425 139666 27774 24335 553 161493 1867 195088 10021 9965 168591 89674 166317 12198 170860 8179 111149 163036 176002 83955 165522 73264 64982 151367 22618 27818 77239 79610 76251 187044 14292 57756 121048 81020 193583 136342 187974 97143 193892 154725 8197 21069 154118 50517 100680 21066 182016 173369 170438 75401 34752 164820 70896 141354 22320 64767 74697 155283 137737 196753 1024 2245 102001 193892 66218 90992 199220 107753 37695 127273 114676 74191 22599 9667 148945 79919 194518 111945 132350 65817 19902 76583 126722 176223 181613 74404 20426 8841 188358 159892 37333 193768 154650 85186 124300 160467 79276 80955 49486 193316 182697 119937 73270 194324 20567 64641 93110 115533 17434 86243 168657 91640 161511 139216 52628 46782 45844 137936 137233 84185 151035 7644 158577 129472 92902 92207 88420 141586 44441 43537 133044 187007 91664 80981 190497 80004 193341 185320 82460 1044 8483 36958 37124 101073 18449 125837 86649 86231 11339 63230 127725 56592 26698 184755 198533 114804 105460 188436 152430 126220 128428 123672 12947 102048 153759 113299 178066 154434 10600 12520 16865 76823 193904 174154 98144 88873 185148 52458 49755
200
43020 12060 49140 29520 29340 17100 67140 59750 16750 68250 41000 40750 23750 93250 82694 23182 94458 56744 56398 32870 129058 9321 2613 10647 6396 6357 3705 14547 16013 4489 18291 10988 10921 6365 24991 94644 26532 108108 64944 64548 37620 147708 14340 4020 16380 9840 9780 5700 22380 180 250 346 39 67 396 60 239 67 273 164 163 95 373 99688 199686 94998 58321 72964 24468 82562 106233 160724 195107 102663 75501 72930 140156 62410 103403 178260 194895 170628 33147 81669 176209 140626 72829 130563 69387 181407 8454 88348 159282 87443 83445 133541 118235 157907 68475 182751 114596 64418 128288 150245 13732 13214 75754 175428 122687 109765 131395 80579 47626 75389 111489 9103 126135 148305 185513 139051 167454 120097 53150 50340 72049 68653 71145 151986 45251 184054 17300 11587 22756 184144 49940 110673 155356 20000 44453 186862 106228 98490 198355 174773 83151 163734 170399 88960 78742 1647 157388 157856 52172 135885 197609 87702 184545 90683 1041 153670 97334 49718 59029 173918 65987 64611 68710 111866 78657 157830 137420 69987 68804 126411 161353 178016 131067 97345 113094 113719 67383 14049 59698 176107 104030 185205 36988 10252 159067 104945 20343 150027 95280 14093 71612 107802 184881 122315 102822 10233
200
102666 59768 63142 9640 31812 14219 13255 17040 9920 10480 1600 5280 2360 2200 117150 68200 72050 11000 36300 16225 15125 138024 80352 84888 12960 42768 19116 17820 157620 91760 96940 14800 48840 21830 20350 76254 44392 46898 7160 23628 10561 9845 21726 12648 13362 2040 6732 3009 2805 241 40 275 324 370 179 51 426 248 262 40 132 59 55 167107 197535 169321 77005 7558 108002 110544 95534 152077 90207 79489 161917 167502 8004 75621 139249 39164 75430 51227 65837 53944 127240 80644 108072 127916 190986 71605 174684 114885 128737 9951 181699 60457 176640 117236 183083 64443 35614 121056 155341 156214 55890 151332 16595 55244 20031 9565 80775 129000 94956 90209 171048 122666 151331 96639 180536 112063 14659 176591 101057 111096 124324 121163 171109 154432 13931 62143 199799 183076 148912 46685 32089 9082 111545 93630 66536 98667 116481 41719 189820 166265 33448 32754 25581 52340 38872 94935 2943 183546 44979 47244 22411 114619 82300 75561 76815 110415 25564 187481 6503 177770 159659 11538 119149 155608 75681 186420 3330 95716 181861 51158 197612 82583 136437 104873 39706 193302 133118 28980 184462 81221 185582 78965 43227 161234 187943 91787 2711 147655 44048 181262 105715 80031 125061 76284 5988 26002
200
188939 199905 9437 154262 25050 109587 106452 61449 194797 111963 3182 13235 157429 176343 53711 166922 137699 185634 151684 78367 186159 37357 185060 104149 35104 89494 35768 132685 140077 59181 75768 137127 111649 166529 106269 72894 14759 3757 185441 145003 174123 166322 190684 27540 190173 152956 33014 148026 147495 68201 71562 82618 24316 64489 24230 152539 106821 67618 30301 12331 180037 124308 189249 9571 191387 6024 186276 135012 142959 99015 49854 30595 85389 116319 110552 40703 62526 87880 18188 64334 167826 52204 167347 65846 23831 153941 181764 114349 110248 190879 69138 147335 75985 21523 127358 138354 124692 14668 79450 196165 64483 21575 74726 129966 120490 43039 163698 108614 65502 72037 41268 27359 124107 130438 186604 142693 147629 77697 122868 38390 179950 180560 196488 56806 85400 52038 126309 171980 4036 188989 72641 28517 175443 68810 95204 44143 107039 4838 195886 77155 92422 82887 119200 61197 119835 150306 187505 72268 157266 61159 13866 177267 89827 177781 154039 185805 91148 82497 29620 35626 83070 164801 149445 67797 150182 27455 16995 169568 104699 128608 44180 199666 9007 132660 40131 38926 178544 62045 14105 179640 57541 14443 184844 141439 193279 140638 145604 54481 97148 152688 196298 15576 121271 158338 165524 136942 180291 65787 185320 181195
200
131073 131073 131073 65537 65537 65537 131073 65537 65537 131073 131073 65537 65537 65537 131073 65537 65537 65537 65537 65537 65537 131073 65537 131073 131073 65537 65537 65537 131073 65537 131073 131073 131073 131073 65537 131073 131073 131073 131073 65537 131073 131073 131073 131073 65537 131073 131073 65537 131073 65537 131073 131073 65537 65537 131073 65537 65537 131073 131073 65537 131073 65537 65537 131073 65537 65537 131073 131073 65537 131073 131073 65537 131073 131073 131073 131073 131073 131073 65537 131073 131073 65537 131073 131073 65537 131073 65537 65537 131073 131073 65537 131073 131073 131073 65537 131073 131073 131073 131073 65537 65537 65537 131073 65537 131073 65537 65537 131073 131073 65537 65537 131073 131073 131073 131073 131073 65537 65537 65537 65537 65537 65537 131073 131073 131073 65537 131073 131073 131073 65537 131073 65537 65537 65537 65537 65537 131073 65537 131073 65537 131073 131073 131073 65537 65537 65537 131073 65537 65537 65537 65537 65537 65537 131073 65537 131073 65537 65537 65537 65537 131073 131073 131073 131073 131073 65537 131073 131073 65537 131073 65537 65537 131073 131073 65537 65537 65537 131073 131073 65537 65537 131073 131073 65537 65537 131073 131073 65537 131073 131073 131073 65537 131073 65537 131073 65537 65537 131073 65537 65537
200
71261 8161 107193 56937 93796 15819 35554 118970 139738 168003 35686 197551 171826 108029 44902 49368 128249 28013 115337 19657 20780 127136 57186 5465 74710 170414 179705 163100 21023 125009 97228 165339 14020 190109 151585 169136 117752 55796 49807 169375 128457 114915 30633 192197 176035 68828 57276 105207 70001 196716 155848 172492 196072 122812 140475 2313 182186 72122 99359 5039 66436 181308 95210 132969 11024 174843 158276 172609 37157 140915 173916 143168 51864 81514 79379 12660 20602 6112 75219 10420 16956 133842 134004 106884 157575 16187 80794 114391 61601 149740 59706 48252 80771 90964 100892 122713 31856 111995 101329 56553 104901 86997 7955 18610 86762 118860 19109 158888 152284 193926 178579 153614 68520 43045 182131 90378 188542 108454 115804 124274 135133 195941 124559 61702 62349 126531 98212 31018 158982 174240 30552 115875 197740 184233 48659 184767 160982 34684 33472 46713 174715 160486 145191 177156 147875 196445 131347 129175 7115 49004 145749 142937 119573 26644 113228 168890 18573 61553 118853 198256 157967 81085 15770 88641 192329 134838 176603 127614 177105 52295 175509 28859 102187 119621 76259 174787 96153 35188 28971 39940 141185 81784 20363 117924 72042 162837 178610 65312 54186 170968 39547 75047 177366 158791 178970 158925 113988 29608 111639 74488
200
90575 48331 76564 47246 185260 166767 170824 187355 151658 98211 91890 90936 6604 78781 81794 57760 109528 176386 105931 72746 59794 143865 1504 193055 150877 17101 157137 20802 175330 100503 42494 126326 24367 9820 25592 186041 30061 171633 55405 113796 107182 180620 195587 157572 139633 199501 30257 58374 77544 118922 96316 131815 59277 98792 11773 29647 45293 52742 153980 86150 156765 56413 192251 6817 44822 90188 63186 169625 61977 73455 121801 30320 186816 133381 39445 149106 50002 10542 119539 116501 178949 64478 132139 141435 131864 157241 138931 53538 173763 198738 175709 57901 132669 67447 32072 144722 72595 190583 135046 159959 197136 11026 63571 90110 153454 192029 110687 48786 25111 22725 108219 50471 92186 59354 123863 107507 113041 44082 37336 174969 191840 140531 127496 80528 10153 85279 157001 34321 138134 197352 189642 19224 49340 42206 102821 3648 173358 192270 31380 191097 198828 136741 11641 85890 157469 92632 112073 47502 60723 54499 37612 24964 80744 136603 97412 112334 116041 151213 198290 199151 162125 187284 160458 173353 117986 1716 75599 159935 2284 107098 13354 13525 157003 87724 139425 74040 170606 134500 31304 189488 41018 154772 176045 179918 50057 198476 170834 38420 8432 75615 123881 92672 142058 194676 112955 170243 85662 190083 114973 71493
200
4389 5054 7163 3705 5681 6935 6137 7581 7600 1140 3762 87318 100548 142506 73710 113022 137970 122094 150822 151200 22680 74844 39732 45752 64844 33540 51428 62780 55556 68628 68800 10320 34056 98175 113050 160225 82875 127075 155125 137275 169575 170000 25500 84150 60522 69692 98774 51090 78338 95630 84626 104538 104800 15720 51876 19635 22610 32045 16575 25415 31025 27455 33915 34000 5100 16830 67683 77938 110461 57135 87607 106945 94639 116907 117200 17580 58014 68145 78470 111215 57525 88205 107675 95285 117705 118000 17700 58410 76461 88046 124787 64545 98969 120815 106913 132069 132400 19860 65538 12474 14364 20358 10530 16146 19710 17442 21546 21600 3240 10692 32571 37506 53157 27495 42159 51465 45543 56259 56400 8460 27918 19 378 172 425 262 85 293 295 331 54 141 231 266 377 195 299 365 323 399 400 60 198 96542 31735 15053 127280 37034 196267 55134 492 21178 50336 9319 3964 8311 92718 106440 121896 95192 93158 50110 110727 169453 32542 62101 31941 69479 99159 45282 88464 115210 3215 33944 175205 175177 37483 16463 171357 34862 33728 177692 15328 122349 70234 163837 19585 78668 116578 22250 78234 5593 132830 7088 101783 63617 88097 73776 39417 36525
200
121040 23120 132940 3400 15640 68340 14620 151656 28968 166566 4260 19596 85626 18318 45924 8772 50439 1290 5934 25929 5547 70844 13532 77809 1990 9154 39999 8557 158420 30260 173995 4450 20470 89445 19135 66216 12648 72726 1860 8556 37386 7998 17088 3264 18768 480 2208 9648 2064 340 426 129 199 445 186 48 356 68 391 10 46 201 43 28169 77709 100934 45402 56417 43269 115734 106951 51004 25032 112783 45375 13513 39553 181962 88397 38561 33647 50401 87991 53212 64437 137065 50552 57382 187319 100064 102688 134483 125820 50327 144043 187488 192308 63829 41643 26331 175132 71508 186422 60644 198893 123161 181649 146864 86382 55342 91324 63131 68725 153694 162527 100460 95709 68641 55530 92071 130321 194457 144427 37951 12064 133238 174813 106625 76332 187118 124276 74771 47475 179501 122152 1126 63587 56935 75820 134385 92731 101579 80011 11420 101705 118404 178446 134005 106531 182011 175482 75231 186166 151093 172015 72798 79268 53002 69310 154756 80912 166426 45852 76022 190424 175896 59205 196984 59144 74489 89133 164709 170845 164514 61218 193673 47049 15059 190704 8646 66361 157438 75077 175158 80993 110856 197154 129212 130663 20051 54862 189690 57930 35197 146514 144744 27734 46240 141209 163962
200
145855 69292 126362 158249 90228 25997 83797 54694 167164 45172 196658 196893 79637 145185 117264 91156 231 30187 184611 126881 568 199412 112318 158610 6219 72836 82943 18549 29841 68225 39260 1672 79891 71760 118004 169667 188971 179755 105066 188312 57224 69470 175298 175125 133205 39656 182874 57517 31167 23789 93293 138594 127954 78824 182669 165257 161985 22714 6760 89283 79052 173172 80212 33777 80521 137298 156633 41122 91441 1318 59808 165781 142228 127528 163727 103027 174166 180538 16910 177044 106397 195265 34601 113799 82543 171501 148186 10841 65060 99056 974 166916 42972 130942 20872 146060 122943 143728 57864 53348 124157 119120 13639 71510 86434 199339 91482 46388 27312 170657 158710 181633 124300 80507 182546 20906 6485 25226 197916 21106 108252 48921 32438 3553 107455 140438 67201 108181 15333 84785 36347 100647 108989 15594 90671 174915 98659 99160 109515 23483 82933 173107 186163 14674 59585 149945 99561 169165 4410 126719 127261 82971 27423 152867 126678 124110 190868 92490 144519 58824 119649 54954 141438 19003 125490 98702 63894 78119 165080 13232 144618 156469 54322 147379 60223 191228 15897 798 48297 19603 168125 163597 22730 152754 46766 150183 20736 72424 152316 149345 168583 2514 122188 12785 160822 4437 120371 172118 34405 127561
200
1 1 1 0 1 0 0 1 0 0 0 0 0 0 1 1 0 1 1 1 0 0 1 0 0 0 1 0 1 0 0 1 0 0 0 1 1 1 1 0 0 1 0 1 1 1 1 0 0 0 0 0 0 0 0 1 0 1 1 1 1 1 0 1 0 1 0 0 0 1 1 0 0 1 0 0 1 0 1 0 1 0 0 1 1 1 0 0 0 0 1 1 1 0 1 0 1 0 1 0 0 1 1 1 1 1 0 1 0 1 1 1 0 1 0 0 1 1 1 1 0 0 1 0 1 0 1 0 1 0 1 0 0 1 1 1 0 0 1 0 0 1 1 0 0 0 0 1 1 1 1 0 1 1 1 0 1 1 1 0 1 0 0 0 0 0 0 0 1 0 1 0 0 0 1 0 0 0 1 0 0 1 1 1 1 0 1 0 0 0 1 1 0 1 1 1 0 1 1 0
200
1 1 1 0 1 1 0 0 0 1 0 1 0 0 0 1 0 0 1 1 1 1 0 0 0 1 0 0 0 0 0 1 0 0 1 1 1 1 0 0 0 0 1 0 0 0 0 0 1 0 0 1 0 1 1 0 1 0 0 1 1 1 1 0 1 0 0 1 1 0 1 0 1 1 0 1 0 1 0 0 1 0 1 0 1 0 0 0 0 1 1 1 1 1 0 0 1 1 1 0 0 1 0 1 0 0 1 0 0 0 1 1 1 0 0 0 1 0 0 1 0 1 1 0 1 1 1 0 0 0 1 1 0 1 0 1 1 1 0 1 0 1 1 1 0 1 1 0 1 1 0 0 1 1 1 0 1 1 0 0 0 1 1 1 0 0 1 1 0 1 0 1 1 1 1 0 1 1 0 0 0 1 0 1 0 1 1 1 1 0 1 0 0 1 0 1 0 1 0 1
200
7363 555 5624 481 9842 11988 4292 47561 3585 36328 3107 63574 77436 27724 37014 2790 28272 2418 49476 60264 21576 86963 6555 66424 5681 116242 141588 50692 46765 3525 35720 3055 62510 76140 27260 18706 1410 14288 1222 25004 30456 10904 50148 3780 38304 3276 67032 81648 29232 37 239 186 437 235 94 252 199 15 152 13 266 324 116 192608 15610 75827 65712 111576 186723 139664 111883 117519 79061 36550 77762 71490 63886 2898 141213 29705 113989 45014 135665 110477 95569 37906 142040 89563 141211 12084 74610 47042 42998 25581 25514 127184 23881 188041 13174 101981 122914 153271 129400 180800 122290 165492 106384 121209 2870 50057 195574 13863 114898 55759 186272 165456 103307 193793 32021 31657 129869 179428 140436 33589 62279 150304 12500 144829 123626 43358 67947 95807 137467 5505 50430 178031 99507 107987 92981 159006 97271 165210 73916 150714 78088 162565 15533 63564 150379 69266 178827 196417 37476 148895 47676 187355 188548 191599 43174 70171 73284 37250 23163 9907 170443 153540 114823 5604 75931 117867 186378 164639 74578 19278 9020 52150 141402 10873 144756 118742 97445 149723 51515 46187 46953 35409 133265 151521 199256 5444 138868 125926 156422 129635 15888 54111 33409 169063 83797 95173
